0 0 1 1277
1 0 2 403
2 0 3 931
3 0 4 1454
4 0 5 2640
5 0 6 1916
6 0 7 2695
7 0 8 1284
8 0 9 2686
9 0 10 4252
10 0 11 1167
11 0 12 1334
12 0 13 1802
13 0 14 1662
14 0 15 2523
15 0 16 1721
16 0 17 4446
17 0 18 2131
18 0 19 2830
19 1 2 1337
18 1 3 1412
19 1 4 2254
20 1 5 3354
21 1 6 2226
22 1 7 3175
23 1 8 1764
24 1 9 3262
25 1 10 4733
26 1 11 1731
27 1 12 2611
28 1 13 3253
29 1 14 2787
30 1 15 3270
31 1 16 2986
32 1 17 4723
33 1 18 1782
34 1 19 2311
35 2 3 715
36 2 4 1568
37 2 5 2646
38 2 6 1530
39 2 7 2479
40 2 8 1097
41 2 9 2565
42 2 10 3904
43 2 11 977
44 2 12 1600
45 2 13 2034
46 2 14 1877
47 2 15 2575
48 2 16 1967
49 2 17 4028
50 2 18 1904
51 2 19 2624
52 3 4 877
53 3 5 1963
54 3 6 832
55 3 7 1781
56 3 8 450
57 3 9 1870
58 3 10 3219
59 3 11 311
60 3 12 1508
61 3 13 1782
62 3 14 1367
63 3 15 1872
64 3 16 1731
65 3 17 3384
66 3 18 1206
67 3 19 1926
68 4 5 1339
69 4 6 1035
70 4 7 1586
71 4 8 1104
72 4 9 1301
73 4 10 2955
74 4 11 632
75 4 12 1110
76 4 13 1140
77 4 14 639
78 4 15 1153
79 4 16 1130
80 4 17 3546
81 4 18 1831
82 4 19 2546
83 5 6 1284
84 5 7 1212
85 5 8 2089
86 5 9 100
87 5 10 2481
88 5 11 1738
89 5 12 2062
90 5 13 1495
91 5 14 1220
92 5 15 190
93 5 16 1567
94 5 17 2942
95 5 18 2382
96 5 19 3105
97 6 7 1027
98 6 8 893
99 6 9 1186
100 6 10 2420
101 6 11 801
102 6 12  1997
103 6 13 1861
104 6 14 1302
105 6 15 1266
106 6 16 1832
107 6 17 2536
108 6 18 1121
109 6 19 1844
110 7 8 1827
111 7 9 1146
112 7 10 1432
113 7 11 1766
114 7 12 2544
115 7 13 2204
116 7 14 1766
117 7 15 1285
118 7 16 2285
119 7 17 1768
120 7 18 1789
121 7 19 2221
122 8 9 1987
123 8 10 3241
124 8 11 667
125 8 12 1878
126 8 13 2111
127 8 14 1729
128 8 15 1984
129 8 16 2106
130 8 17 3386
131 8 18 901
132 8 19 1783
133 9 10 2448
134 9 11 1647
135 9 12 2040
136 9 13 1463
137 9 14 1199
138 9 15 167
139 9 16 1546
140 9 17 2910
141 9 18 2291
142 9 19 3014
143 10 11 3180
144 10 12 3920
145 10 13 3539
146 10 14 3147
147 10 15 2492
148 10 16 3638
149 10 17 1147
150 10 18 3138
151 10 19 3551
152 11 12 1212
153 11 13 1459
154 11 14 1072
155 11 15 1607
156 11 16 1430
157 11 17 3313
158 11 18 1339
159 11 19 2063
160 12 13 742
161 12 14 906
162 12 15 1840
163 12 16 626
164 12 17 4180
165 12 18 2557
167 12 19 3257
168 13 14 547
169 13 15 1305
170 13 16 92
171 13 17 3898
172 13 18 2774
173 13 19 3498
174 14 15 1019
175 14 16 533
176 14 17 3417
177 14 18 2257
178 14 19 2981
179 15 16 1382
180 15 17 3004
181 15 18 2314
182 15 19 3037
183 16 17 3921
184 16 18 2764
185 16 19 3487
186 17 18 3281
187 17 19 3513
188 18 19 967